(kicad_pcb (version 4) (host pcbnew 4.0.4-stable)

  (general
    (links 327)
    (no_connects 4)
    (area 80.240287 47.592 192.762 143.67)
    (thickness 1.6)
    (drawings 26)
    (tracks 698)
    (zones 0)
    (modules 82)
    (nets 83)
  )

  (page A4)
  (layers
    (0 F.Cu signal)
    (31 B.Cu signal)
    (32 B.Adhes user hide)
    (33 F.Adhes user hide)
    (34 B.Paste user)
    (35 F.Paste user)
    (36 B.SilkS user)
    (37 F.SilkS user)
    (38 B.Mask user)
    (39 F.Mask user)
    (40 Dwgs.User user)
    (41 Cmts.User user hide)
    (42 Eco1.User user hide)
    (43 Eco2.User user hide)
    (44 Edge.Cuts user)
    (45 Margin user hide)
    (46 B.CrtYd user hide)
    (47 F.CrtYd user hide)
    (48 B.Fab user hide)
    (49 F.Fab user hide)
  )

  (setup
    (last_trace_width 0.25)
    (trace_clearance 0.175)
    (zone_clearance 0.25)
    (zone_45_only no)
    (trace_min 0.2)
    (segment_width 0.2)
    (edge_width 0.15)
    (via_size 0.8)
    (via_drill 0.4)
    (via_min_size 0.4)
    (via_min_drill 0.3)
    (uvia_size 0.3)
    (uvia_drill 0.1)
    (uvias_allowed no)
    (uvia_min_size 0.2)
    (uvia_min_drill 0.1)
    (pcb_text_width 0.3)
    (pcb_text_size 1.5 1.5)
    (mod_edge_width 0.15)
    (mod_text_size 1 1)
    (mod_text_width 0.15)
    (pad_size 2 1.6)
    (pad_drill 0)
    (pad_to_mask_clearance 0.2)
    (aux_axis_origin 96.901 130.556)
    (visible_elements 7FFEFF7F)
    (pcbplotparams
      (layerselection 0x011f0_80000001)
      (usegerberextensions false)
      (excludeedgelayer true)
      (linewidth 0.100000)
      (plotframeref false)
      (viasonmask false)
      (mode 1)
      (useauxorigin false)
      (hpglpennumber 1)
      (hpglpenspeed 20)
      (hpglpendiameter 15)
      (hpglpenoverlay 2)
      (psnegative false)
      (psa4output false)
      (plotreference true)
      (plotvalue true)
      (plotinvisibletext false)
      (padsonsilk false)
      (subtractmaskfromsilk false)
      (outputformat 4)
      (mirror false)
      (drillshape 0)
      (scaleselection 1)
      (outputdirectory ../Documentation/))
  )

  (net 0 "")
  (net 1 VCC)
  (net 2 GND)
  (net 3 "Net-(C10-Pad1)")
  (net 4 CS2)
  (net 5 SCK2)
  (net 6 MOSI2)
  (net 7 3v3)
  (net 8 MISO2)
  (net 9 SCK1)
  (net 10 MOSI1)
  (net 11 MISO1)
  (net 12 "Net-(Q1-Pad1)")
  (net 13 "Net-(Q2-Pad1)")
  (net 14 "Net-(Q3-Pad1)")
  (net 15 "Net-(Q4-Pad1)")
  (net 16 "Net-(Q5-Pad1)")
  (net 17 "Net-(Q6-Pad1)")
  (net 18 "Net-(R3-Pad1)")
  (net 19 "Net-(R5-Pad1)")
  (net 20 PHASE_U)
  (net 21 PHASE_V)
  (net 22 PHASE_W)
  (net 23 "Net-(R7-Pad2)")
  (net 24 V_SENS_U)
  (net 25 V_SENS_V)
  (net 26 V_SENS_W)
  (net 27 A_SENS_U)
  (net 28 A_SENS_V)
  (net 29 CS0)
  (net 30 CANTX)
  (net 31 CANRX)
  (net 32 5v)
  (net 33 "Net-(C20-Pad2)")
  (net 34 SIMPLE_INPUT)
  (net 35 "Net-(C4-Pad1)")
  (net 36 "Net-(C6-Pad1)")
  (net 37 "Net-(C7-Pad1)")
  (net 38 "Net-(C9-Pad1)")
  (net 39 "Net-(C11-Pad1)")
  (net 40 "Net-(C11-Pad2)")
  (net 41 "Net-(C17-Pad1)")
  (net 42 "Net-(C17-Pad2)")
  (net 43 "Net-(C18-Pad2)")
  (net 44 "Net-(C19-Pad2)")
  (net 45 "Net-(C21-Pad1)")
  (net 46 "Net-(C21-Pad2)")
  (net 47 "Net-(C22-Pad1)")
  (net 48 "Net-(C22-Pad2)")
  (net 49 "Net-(JP1-Pad2)")
  (net 50 DC_CAL)
  (net 51 "Net-(JP3-Pad2)")
  (net 52 "Net-(R6-Pad2)")
  (net 53 "Net-(R9-Pad1)")
  (net 54 "Net-(R10-Pad2)")
  (net 55 DRV_HI_U)
  (net 56 DRV_LO_U)
  (net 57 DRV_HI_V)
  (net 58 DRV_LO_V)
  (net 59 DRV_HI_W)
  (net 60 DRV_LO_W)
  (net 61 MC_AREF)
  (net 62 "Net-(U2-Pad0)")
  (net 63 "Net-(U2-Pad1)")
  (net 64 EN_GATE)
  (net 65 MC_LO_V)
  (net 66 MC_HI_W)
  (net 67 MC_LO_W)
  (net 68 MC_HI_V)
  (net 69 MC_HI_U)
  (net 70 MC_LO_U)
  (net 71 "Net-(U3-Pad4)")
  (net 72 "Net-(U3-Pad5)")
  (net 73 DRV_FAULT)
  (net 74 "Net-(U3-Pad55)")
  (net 75 "Net-(U3-Pad56)")
  (net 76 /SHNT_V_LO)
  (net 77 /SHNT_V_HI)
  (net 78 /H_V_LO)
  (net 79 /H_W_LO)
  (net 80 /SHNT_W_LO)
  (net 81 /SHNT_W_HI)
  (net 82 "Net-(P2-Pad3)")

  (net_class Default "This is the default net class."
    (clearance 0.175)
    (trace_width 0.25)
    (via_dia 0.8)
    (via_drill 0.4)
    (uvia_dia 0.3)
    (uvia_drill 0.1)
    (add_net /H_V_LO)
    (add_net /H_W_LO)
    (add_net /SHNT_V_HI)
    (add_net /SHNT_V_LO)
    (add_net /SHNT_W_HI)
    (add_net /SHNT_W_LO)
    (add_net 3v3)
    (add_net 5v)
    (add_net A_SENS_U)
    (add_net A_SENS_V)
    (add_net CANRX)
    (add_net CANTX)
    (add_net CS0)
    (add_net CS2)
    (add_net DC_CAL)
    (add_net DRV_FAULT)
    (add_net DRV_HI_U)
    (add_net DRV_HI_V)
    (add_net DRV_HI_W)
    (add_net DRV_LO_U)
    (add_net DRV_LO_V)
    (add_net DRV_LO_W)
    (add_net EN_GATE)
    (add_net MC_AREF)
    (add_net MC_HI_U)
    (add_net MC_HI_V)
    (add_net MC_HI_W)
    (add_net MC_LO_U)
    (add_net MC_LO_V)
    (add_net MC_LO_W)
    (add_net MISO1)
    (add_net MISO2)
    (add_net MOSI1)
    (add_net MOSI2)
    (add_net "Net-(C10-Pad1)")
    (add_net "Net-(C11-Pad1)")
    (add_net "Net-(C11-Pad2)")
    (add_net "Net-(C17-Pad1)")
    (add_net "Net-(C17-Pad2)")
    (add_net "Net-(C18-Pad2)")
    (add_net "Net-(C19-Pad2)")
    (add_net "Net-(C20-Pad2)")
    (add_net "Net-(C21-Pad1)")
    (add_net "Net-(C21-Pad2)")
    (add_net "Net-(C22-Pad1)")
    (add_net "Net-(C22-Pad2)")
    (add_net "Net-(C6-Pad1)")
    (add_net "Net-(C9-Pad1)")
    (add_net "Net-(JP1-Pad2)")
    (add_net "Net-(JP3-Pad2)")
    (add_net "Net-(P2-Pad3)")
    (add_net "Net-(Q1-Pad1)")
    (add_net "Net-(Q2-Pad1)")
    (add_net "Net-(Q3-Pad1)")
    (add_net "Net-(Q4-Pad1)")
    (add_net "Net-(Q5-Pad1)")
    (add_net "Net-(Q6-Pad1)")
    (add_net "Net-(R10-Pad2)")
    (add_net "Net-(R3-Pad1)")
    (add_net "Net-(R5-Pad1)")
    (add_net "Net-(R6-Pad2)")
    (add_net "Net-(R7-Pad2)")
    (add_net "Net-(R9-Pad1)")
    (add_net "Net-(U2-Pad0)")
    (add_net "Net-(U2-Pad1)")
    (add_net "Net-(U3-Pad4)")
    (add_net "Net-(U3-Pad5)")
    (add_net "Net-(U3-Pad55)")
    (add_net "Net-(U3-Pad56)")
    (add_net SCK1)
    (add_net SCK2)
    (add_net SIMPLE_INPUT)
    (add_net V_SENS_U)
    (add_net V_SENS_V)
    (add_net V_SENS_W)
  )

  (net_class Drive ""
    (clearance 0.175)
    (trace_width 0.6)
    (via_dia 1.2)
    (via_drill 0.8)
    (uvia_dia 0.3)
    (uvia_drill 0.1)
    (add_net GND)
    (add_net "Net-(C4-Pad1)")
    (add_net "Net-(C7-Pad1)")
    (add_net VCC)
  )

  (net_class Phase ""
    (clearance 0.175)
    (trace_width 0.25)
    (via_dia 0.8)
    (via_drill 0.4)
    (uvia_dia 0.3)
    (uvia_drill 0.1)
    (add_net PHASE_U)
    (add_net PHASE_V)
    (add_net PHASE_W)
  )

  (net_class "Phase Measurement" ""
    (clearance 0.175)
    (trace_width 0.4)
    (via_dia 0.8)
    (via_drill 0.4)
    (uvia_dia 0.3)
    (uvia_drill 0.1)
  )

  (module HTO-252:TO-252-2 (layer B.Cu) (tedit 599A5DF5) (tstamp 599250AE)
    (at 163.1315 95.4405 180)
    (descr "TO-252 / DPAK SMD package, http://www.infineon.com/cms/en/product/packages/PG-TO252/PG-TO252-3-1/")
    (tags "DPAK TO-252 DPAK-3 TO-252-3 SOT-428")
    (path /591500C4)
    (attr smd)
    (fp_text reference Q3 (at -1.9685 1.9685 180) (layer B.SilkS)
      (effects (font (size 1 1) (thickness 0.15)) (justify mirror))
    )
    (fp_text value Q_NMOS_GDS (at 0 -4.5 180) (layer B.Fab)
      (effects (font (size 1 1) (thickness 0.15)) (justify mirror))
    )
    (fp_line (start 3.95 2.7) (end 4.95 2.7) (layer B.Fab) (width 0.1))
    (fp_line (start 4.95 2.7) (end 4.95 -2.7) (layer B.Fab) (width 0.1))
    (fp_line (start 4.95 -2.7) (end 3.95 -2.7) (layer B.Fab) (width 0.1))
    (fp_line (start 3.95 3.25) (end 3.95 -3.25) (layer B.Fab) (width 0.1))
    (fp_line (start 3.95 -3.25) (end -2.27 -3.25) (layer B.Fab) (width 0.1))
    (fp_line (start -2.27 -3.25) (end -2.27 2.25) (layer B.Fab) (width 0.1))
    (fp_line (start -2.27 2.25) (end -1.27 3.25) (layer B.Fab) (width 0.1))
    (fp_line (start -1.27 3.25) (end 3.95 3.25) (layer B.Fab) (width 0.1))
    (fp_line (start -1.865 2.655) (end -4.97 2.655) (layer B.Fab) (width 0.1))
    (fp_line (start -4.97 2.655) (end -4.97 1.905) (layer B.Fab) (width 0.1))
    (fp_line (start -4.97 1.905) (end -2.27 1.905) (layer B.Fab) (width 0.1))
    (fp_line (start -2.27 -1.905) (end -4.97 -1.905) (layer B.Fab) (width 0.1))
    (fp_line (start -4.97 -1.905) (end -4.97 -2.655) (layer B.Fab) (width 0.1))
    (fp_line (start -4.97 -2.655) (end -2.27 -2.655) (layer B.Fab) (width 0.1))
    (fp_line (start -0.97 3.45) (end -2.47 3.45) (layer B.SilkS) (width 0.12))
    (fp_line (start -2.47 3.45) (end -2.47 3.18) (layer B.SilkS) (width 0.12))
    (fp_line (start -2.47 3.18) (end -5.3 3.18) (layer B.SilkS) (width 0.12))
    (fp_line (start -0.97 -3.45) (end -2.47 -3.45) (layer B.SilkS) (width 0.12))
    (fp_line (start -2.47 -3.45) (end -2.47 -3.18) (layer B.SilkS) (width 0.12))
    (fp_line (start -2.47 -3.18) (end -3.57 -3.18) (layer B.SilkS) (width 0.12))
    (fp_line (start -5.55 3.5) (end -5.55 -3.5) (layer B.CrtYd) (width 0.05))
    (fp_line (start -5.55 -3.5) (end 5.55 -3.5) (layer B.CrtYd) (width 0.05))
    (fp_line (start 5.55 -3.5) (end 5.55 3.5) (layer B.CrtYd) (width 0.05))
    (fp_line (start 5.55 3.5) (end -5.55 3.5) (layer B.CrtYd) (width 0.05))
    (fp_text user %R (at -3.175 0 180) (layer B.Fab)
      (effects (font (size 1 1) (thickness 0.15)) (justify mirror))
    )
    (pad 2 thru_hole rect (at 6.35 -1.905 180) (size 1.27 1.27) (drill 0.6) (layers *.Cu *.Mask)
      (net 1 VCC))
    (pad 2 thru_hole rect (at 6.35 -0.635 180) (size 1.27 1.27) (drill 0.6) (layers *.Cu *.Mask)
      (net 1 VCC))
    (pad 2 thru_hole rect (at 6.35 0.635 180) (size 1.27 1.27) (drill 0.6) (layers *.Cu *.Mask)
      (net 1 VCC))
    (pad 2 thru_hole rect (at 6.35 1.905 180) (size 1.27 1.27) (drill 0.6) (layers *.Cu *.Mask)
      (net 1 VCC))
    (pad 2 thru_hole rect (at 5.08 -1.905 180) (size 1.27 1.27) (drill 0.6) (layers *.Cu *.Mask)
      (net 1 VCC))
    (pad 2 thru_hole rect (at 5.08 -0.635 180) (size 1.27 1.27) (drill 0.6) (layers *.Cu *.Mask)
      (net 1 VCC))
    (pad 2 thru_hole rect (at 3.81 -0.635 180) (size 1.27 1.27) (drill 0.6) (layers *.Cu *.Mask)
      (net 1 VCC))
    (pad 2 thru_hole rect (at 3.81 -1.905 180) (size 1.27 1.27) (drill 0.6) (layers *.Cu *.Mask)
      (net 1 VCC))
    (pad 2 thru_hole rect (at 2.54 -1.905 180) (size 1.27 1.27) (drill 0.6) (layers *.Cu *.Mask)
      (net 1 VCC))
    (pad 2 thru_hole rect (at 2.54 -0.635 180) (size 1.27 1.27) (drill 0.6) (layers *.Cu *.Mask)
      (net 1 VCC))
    (pad 2 thru_hole rect (at 1.27 -0.635 180) (size 1.27 1.27) (drill 0.6) (layers *.Cu *.Mask)
      (net 1 VCC))
    (pad 2 thru_hole rect (at 1.27 -1.905 180) (size 1.27 1.27) (drill 0.6) (layers *.Cu *.Mask)
      (net 1 VCC))
    (pad 2 thru_hole rect (at 0 -1.905 180) (size 1.27 1.27) (drill 0.6) (layers *.Cu *.Mask)
      (net 1 VCC))
    (pad 2 thru_hole rect (at 0 -0.635 180) (size 1.27 1.27) (drill 0.6) (layers *.Cu *.Mask)
      (net 1 VCC))
    (pad 2 thru_hole rect (at 2.54 0.635 180) (size 1.27 1.27) (drill 0.6) (layers *.Cu *.Mask)
      (net 1 VCC))
    (pad 2 thru_hole rect (at 3.81 0.635 180) (size 1.27 1.27) (drill 0.6) (layers *.Cu *.Mask)
      (net 1 VCC))
    (pad 2 thru_hole rect (at 5.08 0.635 180) (size 1.27 1.27) (drill 0.6) (layers *.Cu *.Mask)
      (net 1 VCC))
    (pad 2 thru_hole rect (at 5.08 1.905 180) (size 1.27 1.27) (drill 0.6) (layers *.Cu *.Mask)
      (net 1 VCC))
    (pad 2 thru_hole rect (at 3.81 1.905 180) (size 1.27 1.27) (drill 0.6) (layers *.Cu *.Mask)
      (net 1 VCC))
    (pad 2 thru_hole rect (at 2.54 1.905 180) (size 1.27 1.27) (drill 0.6) (layers *.Cu *.Mask)
      (net 1 VCC))
    (pad 2 thru_hole rect (at 1.27 1.905 180) (size 1.27 1.27) (drill 0.6) (layers *.Cu *.Mask)
      (net 1 VCC))
    (pad 2 thru_hole rect (at 1.27 0.635 180) (size 1.27 1.27) (drill 0.6) (layers *.Cu *.Mask)
      (net 1 VCC))
    (pad 2 thru_hole rect (at 0 0.635 180) (size 1.27 1.27) (drill 0.6) (layers *.Cu *.Mask)
      (net 1 VCC))
    (pad 2 thru_hole rect (at 0 1.905 180) (size 1.27 1.27) (drill 0.6) (layers *.Cu *.Mask)
      (net 1 VCC))
    (pad 1 smd rect (at -4.2 2.28 180) (size 2.2 1.2) (layers B.Cu B.Paste B.Mask)
      (net 14 "Net-(Q3-Pad1)"))
    (pad 3 smd rect (at -4.2 -2.28 180) (size 2.2 1.2) (layers B.Cu B.Paste B.Mask)
      (net 21 PHASE_V))
    (model ${KISYS3DMOD}/TO_SOT_Packages_SMD.3dshapes/TO-252-2.wrl
      (at (xyz 0 0 0))
      (scale (xyz 1 1 1))
      (rotate (xyz 0 0 0))
    )
  )

  (module Capacitors_SMD:C_1206_HandSoldering (layer B.Cu) (tedit 599A601A) (tstamp 59924B2E)
    (at 134.8105 96.012 180)
    (descr "Capacitor SMD 1206, hand soldering")
    (tags "capacitor 1206")
    (path /59967A4A)
    (attr smd)
    (fp_text reference C4 (at 4.445 0.127 180) (layer B.SilkS)
      (effects (font (size 1 1) (thickness 0.15)) (justify mirror))
    )
    (fp_text value 2.2uF (at 0 -2 180) (layer B.Fab)
      (effects (font (size 1 1) (thickness 0.15)) (justify mirror))
    )
    (fp_text user %R (at 0 1.75 180) (layer B.Fab)
      (effects (font (size 1 1) (thickness 0.15)) (justify mirror))
    )
    (fp_line (start -1.6 -0.8) (end -1.6 0.8) (layer B.Fab) (width 0.1))
    (fp_line (start 1.6 -0.8) (end -1.6 -0.8) (layer B.Fab) (width 0.1))
    (fp_line (start 1.6 0.8) (end 1.6 -0.8) (layer B.Fab) (width 0.1))
    (fp_line (start -1.6 0.8) (end 1.6 0.8) (layer B.Fab) (width 0.1))
    (fp_line (start 1 1.02) (end -1 1.02) (layer B.SilkS) (width 0.12))
    (fp_line (start -1 -1.02) (end 1 -1.02) (layer B.SilkS) (width 0.12))
    (fp_line (start -3.25 1.05) (end 3.25 1.05) (layer B.CrtYd) (width 0.05))
    (fp_line (start -3.25 1.05) (end -3.25 -1.05) (layer B.CrtYd) (width 0.05))
    (fp_line (start 3.25 -1.05) (end 3.25 1.05) (layer B.CrtYd) (width 0.05))
    (fp_line (start 3.25 -1.05) (end -3.25 -1.05) (layer B.CrtYd) (width 0.05))
    (pad 1 smd rect (at -2 0 180) (size 2 1.6) (layers B.Cu B.Paste B.Mask)
      (net 35 "Net-(C4-Pad1)"))
    (pad 2 smd rect (at 2 0 180) (size 2 1.6) (layers B.Cu B.Paste B.Mask)
      (net 2 GND) (zone_connect 2))
    (model Capacitors_SMD.3dshapes/C_1206.wrl
      (at (xyz 0 0 0))
      (scale (xyz 1 1 1))
      (rotate (xyz 0 0 0))
    )
  )

  (module HTO-252:TO-252-2 (layer B.Cu) (tedit 599A5E02) (tstamp 59925090)
    (at 161.2265 87.1855)
    (descr "TO-252 / DPAK SMD package, http://www.infineon.com/cms/en/product/packages/PG-TO252/PG-TO252-3-1/")
    (tags "DPAK TO-252 DPAK-3 TO-252-3 SOT-428")
    (path /5915203D)
    (attr smd)
    (fp_text reference Q2 (at -2.3495 -0.1905) (layer B.SilkS)
      (effects (font (size 1 1) (thickness 0.15)) (justify mirror))
    )
    (fp_text value Q_NMOS_GDS (at 0 -4.5) (layer B.Fab)
      (effects (font (size 1 1) (thickness 0.15)) (justify mirror))
    )
    (fp_line (start 3.95 2.7) (end 4.95 2.7) (layer B.Fab) (width 0.1))
    (fp_line (start 4.95 2.7) (end 4.95 -2.7) (layer B.Fab) (width 0.1))
    (fp_line (start 4.95 -2.7) (end 3.95 -2.7) (layer B.Fab) (width 0.1))
    (fp_line (start 3.95 3.25) (end 3.95 -3.25) (layer B.Fab) (width 0.1))
    (fp_line (start 3.95 -3.25) (end -2.27 -3.25) (layer B.Fab) (width 0.1))
    (fp_line (start -2.27 -3.25) (end -2.27 2.25) (layer B.Fab) (width 0.1))
    (fp_line (start -2.27 2.25) (end -1.27 3.25) (layer B.Fab) (width 0.1))
    (fp_line (start -1.27 3.25) (end 3.95 3.25) (layer B.Fab) (width 0.1))
    (fp_line (start -1.865 2.655) (end -4.97 2.655) (layer B.Fab) (width 0.1))
    (fp_line (start -4.97 2.655) (end -4.97 1.905) (layer B.Fab) (width 0.1))
    (fp_line (start -4.97 1.905) (end -2.27 1.905) (layer B.Fab) (width 0.1))
    (fp_line (start -2.27 -1.905) (end -4.97 -1.905) (layer B.Fab) (width 0.1))
    (fp_line (start -4.97 -1.905) (end -4.97 -2.655) (layer B.Fab) (width 0.1))
    (fp_line (start -4.97 -2.655) (end -2.27 -2.655) (layer B.Fab) (width 0.1))
    (fp_line (start -0.97 3.45) (end -2.47 3.45) (layer B.SilkS) (width 0.12))
    (fp_line (start -2.47 3.45) (end -2.47 3.18) (layer B.SilkS) (width 0.12))
    (fp_line (start -2.47 3.18) (end -5.3 3.18) (layer B.SilkS) (width 0.12))
    (fp_line (start -0.97 -3.45) (end -2.47 -3.45) (layer B.SilkS) (width 0.12))
    (fp_line (start -2.47 -3.45) (end -2.47 -3.18) (layer B.SilkS) (width 0.12))
    (fp_line (start -2.47 -3.18) (end -3.57 -3.18) (layer B.SilkS) (width 0.12))
    (fp_line (start -5.55 3.5) (end -5.55 -3.5) (layer B.CrtYd) (width 0.05))
    (fp_line (start -5.55 -3.5) (end 5.55 -3.5) (layer B.CrtYd) (width 0.05))
    (fp_line (start 5.55 -3.5) (end 5.55 3.5) (layer B.CrtYd) (width 0.05))
    (fp_line (start 5.55 3.5) (end -5.55 3.5) (layer B.CrtYd) (width 0.05))
    (fp_text user %R (at -3.175 0) (layer B.Fab)
      (effects (font (size 1 1) (thickness 0.15)) (justify mirror))
    )
    (pad 2 thru_hole rect (at 6.35 -1.905) (size 1.27 1.27) (drill 0.6) (layers *.Cu *.Mask)
      (net 20 PHASE_U))
    (pad 2 thru_hole rect (at 6.35 -0.635) (size 1.27 1.27) (drill 0.6) (layers *.Cu *.Mask)
      (net 20 PHASE_U))
    (pad 2 thru_hole rect (at 6.35 0.635) (size 1.27 1.27) (drill 0.6) (layers *.Cu *.Mask)
      (net 20 PHASE_U))
    (pad 2 thru_hole rect (at 6.35 1.905) (size 1.27 1.27) (drill 0.6) (layers *.Cu *.Mask)
      (net 20 PHASE_U))
    (pad 2 thru_hole rect (at 5.08 -1.905) (size 1.27 1.27) (drill 0.6) (layers *.Cu *.Mask)
      (net 20 PHASE_U))
    (pad 2 thru_hole rect (at 5.08 -0.635) (size 1.27 1.27) (drill 0.6) (layers *.Cu *.Mask)
      (net 20 PHASE_U))
    (pad 2 thru_hole rect (at 3.81 -0.635) (size 1.27 1.27) (drill 0.6) (layers *.Cu *.Mask)
      (net 20 PHASE_U))
    (pad 2 thru_hole rect (at 3.81 -1.905) (size 1.27 1.27) (drill 0.6) (layers *.Cu *.Mask)
      (net 20 PHASE_U))
    (pad 2 thru_hole rect (at 2.54 -1.905) (size 1.27 1.27) (drill 0.6) (layers *.Cu *.Mask)
      (net 20 PHASE_U))
    (pad 2 thru_hole rect (at 2.54 -0.635) (size 1.27 1.27) (drill 0.6) (layers *.Cu *.Mask)
      (net 20 PHASE_U))
    (pad 2 thru_hole rect (at 1.27 -0.635) (size 1.27 1.27) (drill 0.6) (layers *.Cu *.Mask)
      (net 20 PHASE_U))
    (pad 2 thru_hole rect (at 1.27 -1.905) (size 1.27 1.27) (drill 0.6) (layers *.Cu *.Mask)
      (net 20 PHASE_U))
    (pad 2 thru_hole rect (at 0 -1.905) (size 1.27 1.27) (drill 0.6) (layers *.Cu *.Mask)
      (net 20 PHASE_U))
    (pad 2 thru_hole rect (at 0 -0.635) (size 1.27 1.27) (drill 0.6) (layers *.Cu *.Mask)
      (net 20 PHASE_U))
    (pad 2 thru_hole rect (at 2.54 0.635) (size 1.27 1.27) (drill 0.6) (layers *.Cu *.Mask)
      (net 20 PHASE_U))
    (pad 2 thru_hole rect (at 3.81 0.635) (size 1.27 1.27) (drill 0.6) (layers *.Cu *.Mask)
      (net 20 PHASE_U))
    (pad 2 thru_hole rect (at 5.08 0.635) (size 1.27 1.27) (drill 0.6) (layers *.Cu *.Mask)
      (net 20 PHASE_U))
    (pad 2 thru_hole rect (at 5.08 1.905) (size 1.27 1.27) (drill 0.6) (layers *.Cu *.Mask)
      (net 20 PHASE_U))
    (pad 2 thru_hole rect (at 3.81 1.905) (size 1.27 1.27) (drill 0.6) (layers *.Cu *.Mask)
      (net 20 PHASE_U))
    (pad 2 thru_hole rect (at 2.54 1.905) (size 1.27 1.27) (drill 0.6) (layers *.Cu *.Mask)
      (net 20 PHASE_U))
    (pad 2 thru_hole rect (at 1.27 1.905) (size 1.27 1.27) (drill 0.6) (layers *.Cu *.Mask)
      (net 20 PHASE_U))
    (pad 2 thru_hole rect (at 1.27 0.635) (size 1.27 1.27) (drill 0.6) (layers *.Cu *.Mask)
      (net 20 PHASE_U))
    (pad 2 thru_hole rect (at 0 0.635) (size 1.27 1.27) (drill 0.6) (layers *.Cu *.Mask)
      (net 20 PHASE_U))
    (pad 2 thru_hole rect (at 0 1.905) (size 1.27 1.27) (drill 0.6) (layers *.Cu *.Mask)
      (net 20 PHASE_U))
    (pad 1 smd rect (at -4.2 2.28) (size 2.2 1.2) (layers B.Cu B.Paste B.Mask)
      (net 13 "Net-(Q2-Pad1)"))
    (pad 3 smd rect (at -4.2 -2.28) (size 2.2 1.2) (layers B.Cu B.Paste B.Mask)
      (net 2 GND) (zone_connect 2))
    (model ${KISYS3DMOD}/TO_SOT_Packages_SMD.3dshapes/TO-252-2.wrl
      (at (xyz 0 0 0))
      (scale (xyz 1 1 1))
      (rotate (xyz 0 0 0))
    )
  )

  (module Capacitors_SMD:C_1206_HandSoldering (layer F.Cu) (tedit 599A31B7) (tstamp 59924C1C)
    (at 151.638 90.4875 180)
    (descr "Capacitor SMD 1206, hand soldering")
    (tags "capacitor 1206")
    (path /59987F7F)
    (attr smd)
    (fp_text reference C18 (at 0.127 0 180) (layer F.SilkS)
      (effects (font (size 1 1) (thickness 0.15)))
    )
    (fp_text value 220nF (at 0 2 180) (layer F.Fab)
      (effects (font (size 1 1) (thickness 0.15)))
    )
    (fp_text user %R (at 0 -1.75 180) (layer F.Fab)
      (effects (font (size 1 1) (thickness 0.15)))
    )
    (fp_line (start -1.6 0.8) (end -1.6 -0.8) (layer F.Fab) (width 0.1))
    (fp_line (start 1.6 0.8) (end -1.6 0.8) (layer F.Fab) (width 0.1))
    (fp_line (start 1.6 -0.8) (end 1.6 0.8) (layer F.Fab) (width 0.1))
    (fp_line (start -1.6 -0.8) (end 1.6 -0.8) (layer F.Fab) (width 0.1))
    (fp_line (start 1 -1.02) (end -1 -1.02) (layer F.SilkS) (width 0.12))
    (fp_line (start -1 1.02) (end 1 1.02) (layer F.SilkS) (width 0.12))
    (fp_line (start -3.25 -1.05) (end 3.25 -1.05) (layer F.CrtYd) (width 0.05))
    (fp_line (start -3.25 -1.05) (end -3.25 1.05) (layer F.CrtYd) (width 0.05))
    (fp_line (start 3.25 1.05) (end 3.25 -1.05) (layer F.CrtYd) (width 0.05))
    (fp_line (start 3.25 1.05) (end -3.25 1.05) (layer F.CrtYd) (width 0.05))
    (pad 1 smd rect (at -2 0 180) (size 2 1.6) (layers F.Cu F.Paste F.Mask)
      (net 20 PHASE_U))
    (pad 2 smd rect (at 2 0 180) (size 2 1.6) (layers F.Cu F.Paste F.Mask)
      (net 43 "Net-(C18-Pad2)"))
    (model Capacitors_SMD.3dshapes/C_1206.wrl
      (at (xyz 0 0 0))
      (scale (xyz 1 1 1))
      (rotate (xyz 0 0 0))
    )
  )

  (module Diodes_SMD:D_SMA_Handsoldering (layer F.Cu) (tedit 5992412C) (tstamp 59924EF0)
    (at 139.6365 77.597 270)
    (descr "Diode SMA (DO-214AC) Handsoldering")
    (tags "Diode SMA (DO-214AC) Handsoldering")
    (path /59978597)
    (attr smd)
    (fp_text reference D1 (at -5.9055 0.1905 270) (layer F.SilkS)
      (effects (font (size 1 1) (thickness 0.15)))
    )
    (fp_text value DIODESCH (at 0 2.6 270) (layer F.Fab)
      (effects (font (size 1 1) (thickness 0.15)))
    )
    (fp_text user %R (at 0 -2.5 270) (layer F.Fab)
      (effects (font (size 1 1) (thickness 0.15)))
    )
    (fp_line (start -4.4 -1.65) (end -4.4 1.65) (layer F.SilkS) (width 0.12))
    (fp_line (start 2.3 1.5) (end -2.3 1.5) (layer F.Fab) (width 0.1))
    (fp_line (start -2.3 1.5) (end -2.3 -1.5) (layer F.Fab) (width 0.1))
    (fp_line (start 2.3 -1.5) (end 2.3 1.5) (layer F.Fab) (width 0.1))
    (fp_line (start 2.3 -1.5) (end -2.3 -1.5) (layer F.Fab) (width 0.1))
    (fp_line (start -4.5 -1.75) (end 4.5 -1.75) (layer F.CrtYd) (width 0.05))
    (fp_line (start 4.5 -1.75) (end 4.5 1.75) (layer F.CrtYd) (width 0.05))
    (fp_line (start 4.5 1.75) (end -4.5 1.75) (layer F.CrtYd) (width 0.05))
    (fp_line (start -4.5 1.75) (end -4.5 -1.75) (layer F.CrtYd) (width 0.05))
    (fp_line (start -0.64944 0.00102) (end -1.55114 0.00102) (layer F.Fab) (width 0.1))
    (fp_line (start 0.50118 0.00102) (end 1.4994 0.00102) (layer F.Fab) (width 0.1))
    (fp_line (start -0.64944 -0.79908) (end -0.64944 0.80112) (layer F.Fab) (width 0.1))
    (fp_line (start 0.50118 0.75032) (end 0.50118 -0.79908) (layer F.Fab) (width 0.1))
    (fp_line (start -0.64944 0.00102) (end 0.50118 0.75032) (layer F.Fab) (width 0.1))
    (fp_line (start -0.64944 0.00102) (end 0.50118 -0.79908) (layer F.Fab) (width 0.1))
    (fp_line (start -4.4 1.65) (end 2.5 1.65) (layer F.SilkS) (width 0.12))
    (fp_line (start -4.4 -1.65) (end 2.5 -1.65) (layer F.SilkS) (width 0.12))
    (pad 1 smd rect (at -2.5 0 270) (size 3.5 1.8) (layers F.Cu F.Paste F.Mask)
      (net 41 "Net-(C17-Pad1)"))
    (pad 2 smd rect (at 2.5 0 270) (size 3.5 1.8) (layers F.Cu F.Paste F.Mask)
      (net 2 GND))
    (model ${KISYS3DMOD}/Diodes_SMD.3dshapes/D_SMA.wrl
      (at (xyz 0 0 0))
      (scale (xyz 1 1 1))
      (rotate (xyz 0 0 0))
    )
  )

  (module HTO-252:TO-252-2 (layer B.Cu) (tedit 59934A53) (tstamp 599250CC)
    (at 161.2265 102.4255)
    (descr "TO-252 / DPAK SMD package, http://www.infineon.com/cms/en/product/packages/PG-TO252/PG-TO252-3-1/")
    (tags "DPAK TO-252 DPAK-3 TO-252-3 SOT-428")
    (path /591500CB)
    (attr smd)
    (fp_text reference Q4 (at -2.032 0.4445) (layer B.SilkS)
      (effects (font (size 1 1) (thickness 0.15)) (justify mirror))
    )
    (fp_text value Q_NMOS_GDS (at 0 -4.5) (layer B.Fab)
      (effects (font (size 1 1) (thickness 0.15)) (justify mirror))
    )
    (fp_line (start 3.95 2.7) (end 4.95 2.7) (layer B.Fab) (width 0.1))
    (fp_line (start 4.95 2.7) (end 4.95 -2.7) (layer B.Fab) (width 0.1))
    (fp_line (start 4.95 -2.7) (end 3.95 -2.7) (layer B.Fab) (width 0.1))
    (fp_line (start 3.95 3.25) (end 3.95 -3.25) (layer B.Fab) (width 0.1))
    (fp_line (start 3.95 -3.25) (end -2.27 -3.25) (layer B.Fab) (width 0.1))
    (fp_line (start -2.27 -3.25) (end -2.27 2.25) (layer B.Fab) (width 0.1))
    (fp_line (start -2.27 2.25) (end -1.27 3.25) (layer B.Fab) (width 0.1))
    (fp_line (start -1.27 3.25) (end 3.95 3.25) (layer B.Fab) (width 0.1))
    (fp_line (start -1.865 2.655) (end -4.97 2.655) (layer B.Fab) (width 0.1))
    (fp_line (start -4.97 2.655) (end -4.97 1.905) (layer B.Fab) (width 0.1))
    (fp_line (start -4.97 1.905) (end -2.27 1.905) (layer B.Fab) (width 0.1))
    (fp_line (start -2.27 -1.905) (end -4.97 -1.905) (layer B.Fab) (width 0.1))
    (fp_line (start -4.97 -1.905) (end -4.97 -2.655) (layer B.Fab) (width 0.1))
    (fp_line (start -4.97 -2.655) (end -2.27 -2.655) (layer B.Fab) (width 0.1))
    (fp_line (start -0.97 3.45) (end -2.47 3.45) (layer B.SilkS) (width 0.12))
    (fp_line (start -2.47 3.45) (end -2.47 3.18) (layer B.SilkS) (width 0.12))
    (fp_line (start -2.47 3.18) (end -5.3 3.18) (layer B.SilkS) (width 0.12))
    (fp_line (start -0.97 -3.45) (end -2.47 -3.45) (layer B.SilkS) (width 0.12))
    (fp_line (start -2.47 -3.45) (end -2.47 -3.18) (layer B.SilkS) (width 0.12))
    (fp_line (start -2.47 -3.18) (end -3.57 -3.18) (layer B.SilkS) (width 0.12))
    (fp_line (start -5.55 3.5) (end -5.55 -3.5) (layer B.CrtYd) (width 0.05))
    (fp_line (start -5.55 -3.5) (end 5.55 -3.5) (layer B.CrtYd) (width 0.05))
    (fp_line (start 5.55 -3.5) (end 5.55 3.5) (layer B.CrtYd) (width 0.05))
    (fp_line (start 5.55 3.5) (end -5.55 3.5) (layer B.CrtYd) (width 0.05))
    (fp_text user %R (at -3.175 0) (layer B.Fab)
      (effects (font (size 1 1) (thickness 0.15)) (justify mirror))
    )
    (pad 2 thru_hole rect (at 6.35 -1.905) (size 1.27 1.27) (drill 0.6) (layers *.Cu *.Mask)
      (net 21 PHASE_V))
    (pad 2 thru_hole rect (at 6.35 -0.635) (size 1.27 1.27) (drill 0.6) (layers *.Cu *.Mask)
      (net 21 PHASE_V))
    (pad 2 thru_hole rect (at 6.35 0.635) (size 1.27 1.27) (drill 0.6) (layers *.Cu *.Mask)
      (net 21 PHASE_V))
    (pad 2 thru_hole rect (at 6.35 1.905) (size 1.27 1.27) (drill 0.6) (layers *.Cu *.Mask)
      (net 21 PHASE_V))
    (pad 2 thru_hole rect (at 5.08 -1.905) (size 1.27 1.27) (drill 0.6) (layers *.Cu *.Mask)
      (net 21 PHASE_V))
    (pad 2 thru_hole rect (at 5.08 -0.635) (size 1.27 1.27) (drill 0.6) (layers *.Cu *.Mask)
      (net 21 PHASE_V))
    (pad 2 thru_hole rect (at 3.81 -0.635) (size 1.27 1.27) (drill 0.6) (layers *.Cu *.Mask)
      (net 21 PHASE_V))
    (pad 2 thru_hole rect (at 3.81 -1.905) (size 1.27 1.27) (drill 0.6) (layers *.Cu *.Mask)
      (net 21 PHASE_V))
    (pad 2 thru_hole rect (at 2.54 -1.905) (size 1.27 1.27) (drill 0.6) (layers *.Cu *.Mask)
      (net 21 PHASE_V))
    (pad 2 thru_hole rect (at 2.54 -0.635) (size 1.27 1.27) (drill 0.6) (layers *.Cu *.Mask)
      (net 21 PHASE_V))
    (pad 2 thru_hole rect (at 1.27 -0.635) (size 1.27 1.27) (drill 0.6) (layers *.Cu *.Mask)
      (net 21 PHASE_V))
    (pad 2 thru_hole rect (at 1.27 -1.905) (size 1.27 1.27) (drill 0.6) (layers *.Cu *.Mask)
      (net 21 PHASE_V))
    (pad 2 thru_hole rect (at 0 -1.905) (size 1.27 1.27) (drill 0.6) (layers *.Cu *.Mask)
      (net 21 PHASE_V))
    (pad 2 thru_hole rect (at 0 -0.635) (size 1.27 1.27) (drill 0.6) (layers *.Cu *.Mask)
      (net 21 PHASE_V))
    (pad 2 thru_hole rect (at 2.54 0.635) (size 1.27 1.27) (drill 0.6) (layers *.Cu *.Mask)
      (net 21 PHASE_V))
    (pad 2 thru_hole rect (at 3.81 0.635) (size 1.27 1.27) (drill 0.6) (layers *.Cu *.Mask)
      (net 21 PHASE_V))
    (pad 2 thru_hole rect (at 5.08 0.635) (size 1.27 1.27) (drill 0.6) (layers *.Cu *.Mask)
      (net 21 PHASE_V))
    (pad 2 thru_hole rect (at 5.08 1.905) (size 1.27 1.27) (drill 0.6) (layers *.Cu *.Mask)
      (net 21 PHASE_V))
    (pad 2 thru_hole rect (at 3.81 1.905) (size 1.27 1.27) (drill 0.6) (layers *.Cu *.Mask)
      (net 21 PHASE_V))
    (pad 2 thru_hole rect (at 2.54 1.905) (size 1.27 1.27) (drill 0.6) (layers *.Cu *.Mask)
      (net 21 PHASE_V))
    (pad 2 thru_hole rect (at 1.27 1.905) (size 1.27 1.27) (drill 0.6) (layers *.Cu *.Mask)
      (net 21 PHASE_V))
    (pad 2 thru_hole rect (at 1.27 0.635) (size 1.27 1.27) (drill 0.6) (layers *.Cu *.Mask)
      (net 21 PHASE_V))
    (pad 2 thru_hole rect (at 0 0.635) (size 1.27 1.27) (drill 0.6) (layers *.Cu *.Mask)
      (net 21 PHASE_V))
    (pad 2 thru_hole rect (at 0 1.905) (size 1.27 1.27) (drill 0.6) (layers *.Cu *.Mask)
      (net 21 PHASE_V))
    (pad 1 smd rect (at -4.2 2.28) (size 2.2 1.2) (layers B.Cu B.Paste B.Mask)
      (net 15 "Net-(Q4-Pad1)"))
    (pad 3 smd rect (at -4.2 -2.28) (size 2.2 1.2) (layers B.Cu B.Paste B.Mask)
      (net 78 /H_V_LO))
    (model ${KISYS3DMOD}/TO_SOT_Packages_SMD.3dshapes/TO-252-2.wrl
      (at (xyz 0 0 0))
      (scale (xyz 1 1 1))
      (rotate (xyz 0 0 0))
    )
  )

  (module Capacitors_SMD:C_1206_HandSoldering (layer F.Cu) (tedit 58AA84D1) (tstamp 59924B0C)
    (at 114.554 78.232 270)
    (descr "Capacitor SMD 1206, hand soldering")
    (tags "capacitor 1206")
    (path /597222E7)
    (attr smd)
    (fp_text reference C2 (at 0 -1.75 270) (layer F.SilkS)
      (effects (font (size 1 1) (thickness 0.15)))
    )
    (fp_text value 10uF (at 0 2 270) (layer F.Fab)
      (effects (font (size 1 1) (thickness 0.15)))
    )
    (fp_text user %R (at 0 -1.75 270) (layer F.Fab)
      (effects (font (size 1 1) (thickness 0.15)))
    )
    (fp_line (start -1.6 0.8) (end -1.6 -0.8) (layer F.Fab) (width 0.1))
    (fp_line (start 1.6 0.8) (end -1.6 0.8) (layer F.Fab) (width 0.1))
    (fp_line (start 1.6 -0.8) (end 1.6 0.8) (layer F.Fab) (width 0.1))
    (fp_line (start -1.6 -0.8) (end 1.6 -0.8) (layer F.Fab) (width 0.1))
    (fp_line (start 1 -1.02) (end -1 -1.02) (layer F.SilkS) (width 0.12))
    (fp_line (start -1 1.02) (end 1 1.02) (layer F.SilkS) (width 0.12))
    (fp_line (start -3.25 -1.05) (end 3.25 -1.05) (layer F.CrtYd) (width 0.05))
    (fp_line (start -3.25 -1.05) (end -3.25 1.05) (layer F.CrtYd) (width 0.05))
    (fp_line (start 3.25 1.05) (end 3.25 -1.05) (layer F.CrtYd) (width 0.05))
    (fp_line (start 3.25 1.05) (end -3.25 1.05) (layer F.CrtYd) (width 0.05))
    (pad 1 smd rect (at -2 0 270) (size 2 1.6) (layers F.Cu F.Paste F.Mask)
      (net 2 GND))
    (pad 2 smd rect (at 2 0 270) (size 2 1.6) (layers F.Cu F.Paste F.Mask)
      (net 7 3v3))
    (model Capacitors_SMD.3dshapes/C_1206.wrl
      (at (xyz 0 0 0))
      (scale (xyz 1 1 1))
      (rotate (xyz 0 0 0))
    )
  )

  (module Capacitors_SMD:C_1206_HandSoldering (layer B.Cu) (tedit 58AA84D1) (tstamp 59924B1D)
    (at 109.728 81.915 270)
    (descr "Capacitor SMD 1206, hand soldering")
    (tags "capacitor 1206")
    (path /59740026)
    (attr smd)
    (fp_text reference C3 (at 0 1.75 270) (layer B.SilkS)
      (effects (font (size 1 1) (thickness 0.15)) (justify mirror))
    )
    (fp_text value 10uF (at 0 -2 270) (layer B.Fab)
      (effects (font (size 1 1) (thickness 0.15)) (justify mirror))
    )
    (fp_text user %R (at 0 1.75 270) (layer B.Fab)
      (effects (font (size 1 1) (thickness 0.15)) (justify mirror))
    )
    (fp_line (start -1.6 -0.8) (end -1.6 0.8) (layer B.Fab) (width 0.1))
    (fp_line (start 1.6 -0.8) (end -1.6 -0.8) (layer B.Fab) (width 0.1))
    (fp_line (start 1.6 0.8) (end 1.6 -0.8) (layer B.Fab) (width 0.1))
    (fp_line (start -1.6 0.8) (end 1.6 0.8) (layer B.Fab) (width 0.1))
    (fp_line (start 1 1.02) (end -1 1.02) (layer B.SilkS) (width 0.12))
    (fp_line (start -1 -1.02) (end 1 -1.02) (layer B.SilkS) (width 0.12))
    (fp_line (start -3.25 1.05) (end 3.25 1.05) (layer B.CrtYd) (width 0.05))
    (fp_line (start -3.25 1.05) (end -3.25 -1.05) (layer B.CrtYd) (width 0.05))
    (fp_line (start 3.25 -1.05) (end 3.25 1.05) (layer B.CrtYd) (width 0.05))
    (fp_line (start 3.25 -1.05) (end -3.25 -1.05) (layer B.CrtYd) (width 0.05))
    (pad 1 smd rect (at -2 0 270) (size 2 1.6) (layers B.Cu B.Paste B.Mask)
      (net 2 GND))
    (pad 2 smd rect (at 2 0 270) (size 2 1.6) (layers B.Cu B.Paste B.Mask)
      (net 34 SIMPLE_INPUT))
    (model Capacitors_SMD.3dshapes/C_1206.wrl
      (at (xyz 0 0 0))
      (scale (xyz 1 1 1))
      (rotate (xyz 0 0 0))
    )
  )

  (module Capacitors_SMD:C_1206_HandSoldering (layer B.Cu) (tedit 599A6021) (tstamp 59924B3F)
    (at 134.8105 98.044 180)
    (descr "Capacitor SMD 1206, hand soldering")
    (tags "capacitor 1206")
    (path /59967989)
    (attr smd)
    (fp_text reference C5 (at 4.318 0 180) (layer B.SilkS)
      (effects (font (size 1 1) (thickness 0.15)) (justify mirror))
    )
    (fp_text value 2.2uF (at 0 -2 180) (layer B.Fab)
      (effects (font (size 1 1) (thickness 0.15)) (justify mirror))
    )
    (fp_text user %R (at 0 1.75 180) (layer B.Fab)
      (effects (font (size 1 1) (thickness 0.15)) (justify mirror))
    )
    (fp_line (start -1.6 -0.8) (end -1.6 0.8) (layer B.Fab) (width 0.1))
    (fp_line (start 1.6 -0.8) (end -1.6 -0.8) (layer B.Fab) (width 0.1))
    (fp_line (start 1.6 0.8) (end 1.6 -0.8) (layer B.Fab) (width 0.1))
    (fp_line (start -1.6 0.8) (end 1.6 0.8) (layer B.Fab) (width 0.1))
    (fp_line (start 1 1.02) (end -1 1.02) (layer B.SilkS) (width 0.12))
    (fp_line (start -1 -1.02) (end 1 -1.02) (layer B.SilkS) (width 0.12))
    (fp_line (start -3.25 1.05) (end 3.25 1.05) (layer B.CrtYd) (width 0.05))
    (fp_line (start -3.25 1.05) (end -3.25 -1.05) (layer B.CrtYd) (width 0.05))
    (fp_line (start 3.25 -1.05) (end 3.25 1.05) (layer B.CrtYd) (width 0.05))
    (fp_line (start 3.25 -1.05) (end -3.25 -1.05) (layer B.CrtYd) (width 0.05))
    (pad 1 smd rect (at -2 0 180) (size 2 1.6) (layers B.Cu B.Paste B.Mask)
      (net 35 "Net-(C4-Pad1)"))
    (pad 2 smd rect (at 2 0 180) (size 2 1.6) (layers B.Cu B.Paste B.Mask)
      (net 2 GND) (zone_connect 2))
    (model Capacitors_SMD.3dshapes/C_1206.wrl
      (at (xyz 0 0 0))
      (scale (xyz 1 1 1))
      (rotate (xyz 0 0 0))
    )
  )

  (module Capacitors_SMD:C_1206_HandSoldering (layer F.Cu) (tedit 599240A6) (tstamp 59924B50)
    (at 128.3335 82.931 90)
    (descr "Capacitor SMD 1206, hand soldering")
    (tags "capacitor 1206")
    (path /5996D421)
    (attr smd)
    (fp_text reference C6 (at 4.2545 -0.0635 90) (layer F.SilkS)
      (effects (font (size 1 1) (thickness 0.15)))
    )
    (fp_text value 120pF (at 0 2 90) (layer F.Fab)
      (effects (font (size 1 1) (thickness 0.15)))
    )
    (fp_text user %R (at 0 -1.75 90) (layer F.Fab)
      (effects (font (size 1 1) (thickness 0.15)))
    )
    (fp_line (start -1.6 0.8) (end -1.6 -0.8) (layer F.Fab) (width 0.1))
    (fp_line (start 1.6 0.8) (end -1.6 0.8) (layer F.Fab) (width 0.1))
    (fp_line (start 1.6 -0.8) (end 1.6 0.8) (layer F.Fab) (width 0.1))
    (fp_line (start -1.6 -0.8) (end 1.6 -0.8) (layer F.Fab) (width 0.1))
    (fp_line (start 1 -1.02) (end -1 -1.02) (layer F.SilkS) (width 0.12))
    (fp_line (start -1 1.02) (end 1 1.02) (layer F.SilkS) (width 0.12))
    (fp_line (start -3.25 -1.05) (end 3.25 -1.05) (layer F.CrtYd) (width 0.05))
    (fp_line (start -3.25 -1.05) (end -3.25 1.05) (layer F.CrtYd) (width 0.05))
    (fp_line (start 3.25 1.05) (end 3.25 -1.05) (layer F.CrtYd) (width 0.05))
    (fp_line (start 3.25 1.05) (end -3.25 1.05) (layer F.CrtYd) (width 0.05))
    (pad 1 smd rect (at -2 0 90) (size 2 1.6) (layers F.Cu F.Paste F.Mask)
      (net 36 "Net-(C6-Pad1)"))
    (pad 2 smd rect (at 2 0 90) (size 2 1.6) (layers F.Cu F.Paste F.Mask)
      (net 2 GND))
    (model Capacitors_SMD.3dshapes/C_1206.wrl
      (at (xyz 0 0 0))
      (scale (xyz 1 1 1))
      (rotate (xyz 0 0 0))
    )
  )

  (module Capacitors_SMD:C_1206_HandSoldering (layer B.Cu) (tedit 599A6004) (tstamp 59924B61)
    (at 135.128 91.313 90)
    (descr "Capacitor SMD 1206, hand soldering")
    (tags "capacitor 1206")
    (path /59968301)
    (attr smd)
    (fp_text reference C7 (at 4.318 0.0635 90) (layer B.SilkS)
      (effects (font (size 1 1) (thickness 0.15)) (justify mirror))
    )
    (fp_text value 2.2uF (at 0 -2 90) (layer B.Fab)
      (effects (font (size 1 1) (thickness 0.15)) (justify mirror))
    )
    (fp_text user %R (at 0 1.75 90) (layer B.Fab)
      (effects (font (size 1 1) (thickness 0.15)) (justify mirror))
    )
    (fp_line (start -1.6 -0.8) (end -1.6 0.8) (layer B.Fab) (width 0.1))
    (fp_line (start 1.6 -0.8) (end -1.6 -0.8) (layer B.Fab) (width 0.1))
    (fp_line (start 1.6 0.8) (end 1.6 -0.8) (layer B.Fab) (width 0.1))
    (fp_line (start -1.6 0.8) (end 1.6 0.8) (layer B.Fab) (width 0.1))
    (fp_line (start 1 1.02) (end -1 1.02) (layer B.SilkS) (width 0.12))
    (fp_line (start -1 -1.02) (end 1 -1.02) (layer B.SilkS) (width 0.12))
    (fp_line (start -3.25 1.05) (end 3.25 1.05) (layer B.CrtYd) (width 0.05))
    (fp_line (start -3.25 1.05) (end -3.25 -1.05) (layer B.CrtYd) (width 0.05))
    (fp_line (start 3.25 -1.05) (end 3.25 1.05) (layer B.CrtYd) (width 0.05))
    (fp_line (start 3.25 -1.05) (end -3.25 -1.05) (layer B.CrtYd) (width 0.05))
    (pad 1 smd rect (at -2 0 90) (size 2 1.6) (layers B.Cu B.Paste B.Mask)
      (net 37 "Net-(C7-Pad1)"))
    (pad 2 smd rect (at 2 0 90) (size 2 1.6) (layers B.Cu B.Paste B.Mask)
      (net 2 GND) (zone_connect 2))
    (model Capacitors_SMD.3dshapes/C_1206.wrl
      (at (xyz 0 0 0))
      (scale (xyz 1 1 1))
      (rotate (xyz 0 0 0))
    )
  )

  (module Capacitors_SMD:C_1206_HandSoldering (layer F.Cu) (tedit 599240A3) (tstamp 59924B83)
    (at 130.556 82.931 90)
    (descr "Capacitor SMD 1206, hand soldering")
    (tags "capacitor 1206")
    (path /5996D23C)
    (attr smd)
    (fp_text reference C9 (at 4.191 -0.0635 90) (layer F.SilkS)
      (effects (font (size 1 1) (thickness 0.15)))
    )
    (fp_text value 6.8nF (at 0 2 90) (layer F.Fab)
      (effects (font (size 1 1) (thickness 0.15)))
    )
    (fp_text user %R (at 0 -1.75 90) (layer F.Fab)
      (effects (font (size 1 1) (thickness 0.15)))
    )
    (fp_line (start -1.6 0.8) (end -1.6 -0.8) (layer F.Fab) (width 0.1))
    (fp_line (start 1.6 0.8) (end -1.6 0.8) (layer F.Fab) (width 0.1))
    (fp_line (start 1.6 -0.8) (end 1.6 0.8) (layer F.Fab) (width 0.1))
    (fp_line (start -1.6 -0.8) (end 1.6 -0.8) (layer F.Fab) (width 0.1))
    (fp_line (start 1 -1.02) (end -1 -1.02) (layer F.SilkS) (width 0.12))
    (fp_line (start -1 1.02) (end 1 1.02) (layer F.SilkS) (width 0.12))
    (fp_line (start -3.25 -1.05) (end 3.25 -1.05) (layer F.CrtYd) (width 0.05))
    (fp_line (start -3.25 -1.05) (end -3.25 1.05) (layer F.CrtYd) (width 0.05))
    (fp_line (start 3.25 1.05) (end 3.25 -1.05) (layer F.CrtYd) (width 0.05))
    (fp_line (start 3.25 1.05) (end -3.25 1.05) (layer F.CrtYd) (width 0.05))
    (pad 1 smd rect (at -2 0 90) (size 2 1.6) (layers F.Cu F.Paste F.Mask)
      (net 38 "Net-(C9-Pad1)"))
    (pad 2 smd rect (at 2 0 90) (size 2 1.6) (layers F.Cu F.Paste F.Mask)
      (net 2 GND))
    (model Capacitors_SMD.3dshapes/C_1206.wrl
      (at (xyz 0 0 0))
      (scale (xyz 1 1 1))
      (rotate (xyz 0 0 0))
    )
  )

  (module Capacitors_SMD:C_1206_HandSoldering (layer B.Cu) (tedit 599A6027) (tstamp 59924B94)
    (at 134.8105 100.076 180)
    (descr "Capacitor SMD 1206, hand soldering")
    (tags "capacitor 1206")
    (path /599662D7)
    (attr smd)
    (fp_text reference C10 (at 4.572 0 180) (layer B.SilkS)
      (effects (font (size 1 1) (thickness 0.15)) (justify mirror))
    )
